114
918
826
960
513
824
385
238
6
76o
445
854
0
493
450
979
810
705
700
575
841
310
882
39
133
229
854
749
513
913
176
972
919
13
141
851
300
25
465
323
14
380
854
950
387
541
847
54
9
855
960
611
225
210
968
809
182
846
981
335
974
557
191
128
674
955
280
580
181
286
330
55
405
848
773
719
720
848
103
381
340
241
226
679
584
274
513
916
955
553
778
415
265
612
677
923
322
456
612
114
465
678
848
451
123
357
673
280
142
952
507
227
35
305
320
100
934
549
361
4l8
462
921
598
303
713
192
323
686
798
277
164
161
648
595
118
456
973
87
649
406
817
737
635
530
834
309
668
525
846
185
934
461
447
599
810
272
161
62
935
839
717
906
283
518
612
894
104
337
929
624
559
456
320
164
409
447
558
167
474
835
89
558
612
5
731
326
273
117
424
299
428
841
555
532
690
530
414
716
359
501
937
176
155
413
376
675
64
609
308
506
305
986
665
203
876
122
104
477
975
551
862
810
628
546
782
366
793
550
487
325
317
329
170
207
773
359
769
848
919
348
379
370
729
275
243
760
708
867
606
485
788
792
593
476
277
554
111
722
959
431
199
577
810
594
853
966
49
295
669
458
540
458
52
210
775
789
27
573
383
214
808
600
955
135
188
998
562
595
230
919
649
314
303
718
548
383
122
956
497
978
934
906
910
207
715
827
827
16
512
198
309
951
32
682
246
194
263
887
438
83
939
342
675
870
955
565
733
50
461
260
876
109
955
740
468
569
430
414
101
811
449
692
910
790
258
987
6
42
755
688
487
154
273
248
798
352
125
343
644
749
682
237
621
425
25
42
929
245
854
796
575
771
112
451
219
681
982
459
707
70
881
706
912
522
656
659
834
195
622
764
861
138
144
820
646
238
807
719
845
891
802
92
454
316
52
904
302
383
745
996
898
136
844
962
86
126
322
520
387
474
603
392
102
123
483
488
827
527
188
798
843
628
996
58
290
894
332
998
958
173
572
563
928
249
703
982
617
94
80
103
787
453
322
715
360
146
836
110
423
379
503
605
725
69
58
493
646
470
465
537
492
670
650
937
707
404
310
260
753
369
224
605
744
359
835
789
330
483
952
257
841
977
846
777
919
893
893
646
310
7
479
