347
644
770
89
775
62
885
454
8
977
714
825
233
470
212
211
229
469
548
219
661
282
468
858
313
771
155
754
345
A74
570
712
156
656
131
710
484
81
578
621
861
96
795
836
694
435
834
210
970
840
229
81
651
398
730
750
78
456
849
779
776
504
745
101
745
124
337
675
43
598
239
476
156
427
746
964
731
962
749
876
553
959
46
887
31
675
755
891
195
848
889
$48
697
133
671
693
356
241
51
216
251
614
122
182
943
549
674
121
440
903
400
152
990
635
84
843
397
38
455
90
672
18
465
332
279
610
894
608
146
880
262
481
102
397
399
476
785
99
183
284
609
193
957
107
548
34
284
410
338
131
280
353
756
599
313
159
504
397
528
825
704
204
32
511
581
516
762
844
710
532
3
911
246
986
947
728
974
678
72
386
668
282
889
364
593
625
561
339
308
979
927
310
61
495
122
993
500
429
836
438
428
487
854
448
479
590
45
225
364
77
85
714
297
114
272
925
416
508
202
951
611
6
903
916
808
850
750
834
976
373
679
999
316
728
402
791
428
469
149
909
647
897
185
133
886
651
52
479
910
643
43
440
990
545
663
659
583
860
66
143
35
707
103
161
215
569
475
745
174
854
272
485
228
301
695
86
634
587
223
809
894
334
809
392
366
853
58
890
476
438
825
681
359
201
926
539
466
427
308
619
927
4
16
911
365
7
478
666
67
117
587
462
373
48
588
581
736
887
146
99
880
411
874
359
957
504
382
164
536
645
20
233
281
531
235
692
460
125
168
980
98
329
35
482
596
59
216
530
57
280
454
952
822
471
100
229
251
128
490
569
384
653
75
23
357
507
871
211
30
4
262
10
376
884
53
552
640
596
493
345
656
818
89
314
109
578
590
219
900
538
95
258
183
469
15
126
806
184
90
468
979
150
611
396
929
144
793
318
109
253
150
807
185
715
374
712
955
388
109
145
338
571
438
900
839
38
15
237
945
847
575
967
567
875
479
865
395
782
503
498
94
452
599
879
870
583
520
219
740
34
665
557
799
889
773
766
71
952
15
984
283
103
473
25
572
519
96
355
364
279
586
239
71
85
265
39
225
146
943
565
386
652
658
978
621
388
860
15๓
915
822
487
441
868
819
796
699
893
655
989
575
236
